[SETTINGS]
WIDTH=0.999310433864594
LENGTH=2.20526647567749

