[DASH_CAM]
POS=-0.367586,0.903631,-0.36405
EXP=24
